100
273 123
155 336
822 458
366 748
172 777
270 219
702 704
654 934
908 960
729 807
798 721
85 309
335 699
992 377
899 716
53 172
190 560
507 11
17 225
110 540
1 379
110 54
82 115
339 990
427 68
148 224
788 232
533 123
282 876
851 180
591 255
351 132
814 858
495 182
82 604
721 434
983 182
488 416
297 826
405 723
893 552
298 33
135 182
507 416
58 709
596 1000
963 298
484 777
155 978
310 588
933 383
22 267
564 861
683 212
686 87
286 931
991 584
315 477
117 821
893 526
529 840
526 491
137 361
619 644
338 929
583 622
311 956
889 226
816 571
438 854
9 723
784 351
658 98
828 127
270 72
652 150
911 529
640 399
889 611
394 578
891 977
200 553
932 88
778 100
658 567
953 18
642 736
369 299
185 196
777 806
267 429
955 529
309 594
279 198
556 673
775 446
1 326
998 284
413 128
383 422