100
614 392
639 271
422 668
830 672
181 744
96 900
25 89
155 387
570 233
970 711
374 31
434 664
588 280
95 650
500 352
340 465
743 331
87 516
350 916
187 882
12 635
134 388
723 288
774 644
520 743
355 245
125 140
260 64
419 354
713 270
706 405
734 800
735 820
316 436
88 854
670 451
488 803
838 563
90 611
206 961
705 912
558 830
404 817
893 822
523 606
444 580
362 529
379 448
701 46
883 788
900 552
590 387
354 427
949 795
37 507
108 93
418 665
922 821
481 167
995 355
124 438
934 485
318 313
932 18
710 166
157 609
70 746
996 423
172 296
570 560
802 677
653 572
341 926
744 173
92 90
528 567
879 813
51 197
125 334
214 187
500 371
795 569
116 142
343 640
438 264
199 591
940 203
514 632
129 258
805 572
347 684
139 226
496 541
422 973
227 635
159 726
357 953
646 473
447 340
112 884