100
694 335
440 335
422 160
986 958
355 762
763 973
542 717
853 851
663 483
400 218
155 174
16 507
852 365
791 264
492 173
38 538
860 829
872 281
988 857
591 342
971 353
666 512
70 518
362 84
352 113
301 507
639 668
365 490
33 155
105 876
680 142
413 539
970 637
171 957
845 761
650 815
466 315
327 887
184 40
970 536
153 622
394 791
290 110
632 674
265 736
549 296
878 314
834 199
950 356
156 794
469 157
961 934
824 287
172 359
678 141
246 182
762 991
324 51
101 955
76 365
43 625
660 920
290 845
470 239
552 977
384 20
134 344
305 957
982 476
667 12
968 913
193 730
903 869
132 3
175 208
719 217
184 378
488 473
574 958
63 126
934 798
497 419
142 154
727 475
981 394
486 949
306 31
30 560
899 161
563 425
720 281
642 903
11 481
727 584
790 141
709 724
939 558
494 432
711 221
906 691