100
604 662
826 543
217 340
175 345
597 331
268 295
14 758
520 861
651 293
833 877
280 991
954 636
296 599
108 742
938 571
977 541
585 802
84 801
493 610
497 441
940 764
736 305
874 607
165 524
252 350
752 531
340 705
166 987
303 626
80 592
548 408
485 132
562 920
932 54
529 428
495 820
544 582
124 769
188 640
644 439
989 395
321 681
99 487
19 753
464 99
696 11
506 180
143 67
99 426
473 979
854 967
798 749
548 273
517 87
913 160
878 901
554 198
933 4
36 952
108 499
50 155
862 907
335 4
326 785
429 798
764 634
116 561
382 15
186 898
101 98
409 330
350 314
880 635
317 915
586 776
766 987
931 627
893 617
630 570
753 410
367 516
396 834
429 777
848 614
27 301
63 787
630 764
101 509
398 417
776 983
545 541
321 827
519 566
795 500
135 547
909 854
63 304
687 843
433 535
808 811