100
924 604
1 321
1 943
953 13
505 808
760 359
526 895
118 159
637 91
561 627
615 974
938 866
749 422
621 410
864 401
833 787
5 834
459 357
128 411
369 632
570 129
342 447
375 459
606 11
902 166
990 868
491 927
733 239
700 706
1 563
458 833
349 462
18 808
170 498
570 539
129 140
19 471
586 393
281 543
755 534
708 744
401 551
22 486
789 721
191 141
635 648
326 984
462 695
143 631
192 64
521 321
555 539
143 493
931 423
35 686
309 95
781 709
645 803
546 785
523 88
926 158
736 603
493 549
297 987
531 841
50 52
513 957
590 655
449 873
429 483
558 89
577 338
798 221
140 695
6 15
783 283
524 870
237 16
418 885
354 300
725 755
351 237
711 293
243 159
165 24
642 722
112 570
411 261
791 903
956 148
917 90
782 440
959 18
807 376
902 512
675 979
266 378
567 977
670 162
135 834