17107217111902102791797991220117190241110111740210
41171917177490009712141124191970071010417011210111
74124911199124741019474211109111011121721117109129
91942211111174111172122410111101111072401114901210
21017111207119141171171910110421047111771011241171
19211170191121111120111171411111114171714111721717
21112179112149979401011411911192121191271119112711
44274221917412120121921119422171791417170272119111
47411441711001101419091117211111144111711101111271
70111411101141021419919119121917191111111717914911
12171417141111110129102117221191111711079124191111
14901112412741904929101412441111122111147944711171
92171117711117217111911711190179219721241191111407
11201111121119199001402111111941110119411121227121
10111199114121212014271194119940117117111170094190
11191114172127112111129917240714471011190104291111
11111101001291114111112071271171919191420117211129
71191111707711411499111191417101112921714970011911
14170070171121114124121491110071471717294411177104
11212114101711121441191190114194017111217779291141
11121272121000291071071012111111111710111211110721
41171171172410971447119110107211211211177221111041
17421701901111110110441207121209111217110711919412
11142110411011110119121410111191011111940112119192
11914121411721111141911047049291211011142111049411
12417221141411071201727911019944191004712911140191
11712444111901121794114019017701229429197107921209
11017117121171771091112140744919144101110191112121
11111114121110114111191124141717111297114171941111
10111217192171490201121111114121717201219217711914
71112111717991101114740111111449091127097114797111
11721120100411197142111119920911117441497101110914
41401091129077791799011211791127114471171190141010
17011917111192711114117071144111112424120191110112
19919401191711111712107074921911117171121211447210
19791910179112194742197709719111191711042111917011
41012114701299011211199427111714111112710111001271
11171107111101010117009149919112117021191741004171
11129011117414717121912121171114912129742112717107
94911719711101101941911017111111174177117401171271
11902102171711229119171111711119911111041770190271
21217110271071001011171110992121411401011112111121
11270211140497701111129941110111217991140741211912
24074411901211174977792111411217241921122110917141
91410211197101211197101119710192911111211021111401
14411011171011127111921111001111111111411420090470
21011011172111410417121791919142417211011111714111
11417191912114902110424020111111124412111441771470
11711299490111219111491117111221221221112411714111
17720111971191144112419172409911919001912110011122
91141211100211120711112291791249411141911111211774
71011127112211721110424101411124117197014107991211
17774242111411291114271111111921201024910121172917
21701911271721171211111241211211411092207011191122
29791110272211111911121171147141994119114711741101
11491701414179211914111127721077711721401791179711
11291201711011471127721110141144111491171221111111
14129141129199911110271911122411027192211122119119
40917911011401212112111044100019114919119179191111
29741112111102171107142211121111191101110111114901
41191111222072977111111211171424119117991112911922
12417917194401219041177107271041102190191121197417
21119701772147911011101104911922979110901129917119
11111011221171114129114099211201129009407770771172
11101719701104724411111111171102140141147011077101
12919174717140111191001117129011171491110147121111
97121111044111111219111411114921111172197111400100
42141210111117070127111119421112141121227211210127
11121101141911200111712111212127112711191291197719
12211191714129119941417101907111941711111112199111
71101114911114771110711111117111091127117929701117
12177142712192121401942199119111044911991171112711
12924111707147149111911174117114110911011914177104
99111171410211219121194190102421121111911119121122
71217410100191147471110791192111111201941944140724
71141122124174417111114011427912271141011111214111
97142117910142191147204111191919422179121011071112
17711141112799141111717714107109111111011912142090
10141102121174170111211120111111141221112171912711
71129112474712414111111991009049110111119711171019
12114071172199794221401211191101119111127401011111
11127191911411017797941171171144210010914490111411
10111121291112111714744779219110111110919019790714
11711944019112990111140447421171011119971141791091
11024191409901119107120191219971047199490197210297
14911912110012971111017120041177901711111011019212
11710919119172710271411901901707119411042112111011
94109177241041791110914100921141111714710191411791
71119117021117492411991700141917919777199021100199
11111711711911114912111101171110271410714449711071
40719921111111112111142122421211011111442411917111
44119911101440141020119011011910172122191204149111
41101121110119111011299140111001977710110111111914
11214110171210141719011111117914111401127122701210
12111170771941127192212141941701121094112121210101
22911102011777119719119410110111072429111910111197
77111142102011141090411241109711112771941721119117
72107111411019111111411112114012217471192214109111
20149101910114001721910171111121111241212104109722
11101114221472124210174014071191719711214110111190
