97907987599909909798797998990897590946590995740950
46976997677490009799648994896970078050497098960598
74994986999594749059474999909599058999796697909699
99949999969574969579599490569909899079406954908950
99067588907599946979979980990499047599778069946676
89969670696699699890996978498989684978794969796757
98999879899849979408065489999599699699975889899798
44974998997499590999999589499876796487670979989998
47459445796009906499099967996856844588799609959976
70986486905849095499999699898997599665686757994959
69976457949856560699509957999996586755079994999999
64906959469749904999909499445899899669947944758978
99575867798997997669969759590579999798945598898407
58909565995959999008409699568948890989458698997898
80989999984896989094978994999940567587959970094990
95998664979897999659899987940784479059990904999586
86595506006995864869599075979979959999490597955899
79699888707795466499995599487609599999794970056998
54970070576896684694699495650076479787994498977604
59989654908756898449999990694694097855997779995945
96999979595000996079075089569895656790885958950799
45876576979490976447999990607998965996877999696045
97499706905859860660448907699909899987860799969499
89949660498086890699998460899999069556940599689699
59994995459798988649998047049999995058649569049489
69467999648495076909797998099944699004799956940699
95799444986908995794594089057706999499997907998909
55097687595678779099869540744969844508990999689996
98996984895990954686996994948767689997594975946595
80986987599878490909599685554898797909999957766954
78989899757999909694740956856449095597097864797589
96796990900496897849559599990999897449497806860984
48409098999077799799088998795997964475675590848090
87086987559999799854597078544969859494990699950999
59959406895756596789907074996966597676996995447990
69799950679659694749597709799966699769049699987085
49059684708999085999999497965794996989760995009979
65978607969509080857009949999599557098998746004975
95899095997494797996999999578954989699749559797907
94959759765905905946966067689956574977967409875975
88909809579799999699976668799899999899048770990979
95967680976078009099678680999595469409069699866596
96970998540497705585699946580696997999940746955969
94074486908999974977799965466957946999999890997949
99490988997909988597806669760899998698985095999409
94499065578096997895999895005569868896468490090470
99059089979896490487699799969849487955096698784589
99487696999954909890494090998995994469989449779470
69789999490696959666498587698999995995599486764599
67790986979698544999499579409999959008959990058899
95548955900969590789599996796949489649959868998774
76085997999985799990494809456994867697064507995996
97774949595499999684976865598996905094990996579967
99709999975795675985659948958965469099907058596599
99798860979958999999996975947949994889594765745509
98495709454879988984856897796077799799409798879795
98998909789099479597799580948944599499979996659989
94899549899999998980978996599499097999959999869599
40957959066405999699598044900059654999959879599695
99746959985509979907649955999989699809580988584909
49698996999079977986958996678494689957999599969999
69467957994409969049877907975048909990895599597457
99989706779547995069505504959999979590909999967599
86988088995875994599584099959909899009407770775679
99906799708904794489896599879509940845647058077908
89959974767940969998008987999099875499990547996589
97699999044898986969595456994996966579897569400500
49846980989597070597899899495889945599997959950997
55999609546989900589769965999897659759699996897789
99998995794999999946497509907896945765889959999886
75506964965984775980798968897869099597957999709997
69977849759999699409949999699968044989999979999799
99994985707947949566996674687694660995095994677504
99598679490995999698894890909499995996999699696699
79967460800599547479890798999868595906946944540794
76849899594674497969594096497989979948055556994898
97949697990949598647904596899989499979896088076859
87789646989799946999767754907809969999098989649090
90848809599674670889995990985889549999899876959786
79999699474789464598696999009049990969699769878099
69984079579999794999406995999808999659997408099996
66697899989488087797949876876944990090984490859499
60669896999689896764744779999980995990989069790794
85786944089559990659640447495576089659976645795096
66094996409905989607990998999976047599490997990997
64999989680099979956097990049977909785566085089959
96790999999879750975468906909707599499049659995099
94809977945048795950954900999645869754790598496799
78699967099987499499995700649997969777599098900699
95968799799996694959899905876980978490754449799078
40789999995595569569949999499955099685449488997959
44889999509440648090969068069960679999999904949595
49509998880999596059999940968006977790650566699954
89994880679990946799058568557994589409697899709980
89696570779948997599999845949706595094599995990608
99998809058777999799899450980888079499669980899997
77958549509096545090499945809786889778948799859697
79907898495069986955495669884069957479699984509596
90849609980994009799990679666899555945959804609799
59509594996479594950874054075599789789964990999690
