37207227533902202792797992220237590222520235720250
22372937277290009722222222292970072050227022220532
72322922299522722059272233309523052223722227309229
92922223323572222572522230523302222072202252902250
23027522207539322272272920320222027523772023222272
29222270292223233220232372222323222272732322722757
22222279222229979202025222932592222292275229232732
22272222927232520322923529222272792227270272229322
27252225732002302239092227222252222522722203253272
70322222205223025239939229222927593225222757932952
22272257222252520229502257223292522755079322293332
22902352222722902929202232225223222223327922752272
92575227722337227222923752590579239722225592232207
52203525325359399002202233522922230229252222227222
20222299322222222022272292239920527527252270092390
35392222372227222253229927220722273053290202293522
22525502002295222222532075273372959292220527255229
72293222707725222299225593227203532922722970052932
52370070572222222222222295250072272727292232377202
53222252202752222223292290232292037255227779295225
32223272525000292072075022523225252720225252350722
25272572272220972227339220207222225232277223232025
27223702905252220220222207222209223227220733929222
22222220222022230229322220222292022552920522229292
52932325252722322222922027029293225052222523029223
22227222222235072202727922039922293002732952320292
25732222322902225792522029057702229229297207922209
55037227525272773092222520722929222502330393222222
22332322225330252222292222322727222297532375922525
20322227592272290202522225552222727202229257722952
72222233757993203222720352252229095527097222797522
22722320200232297222553539920932237222297202220922
22203092229077792799022222795327322275275590222030
27022927552392722252527072522222252222320293250332
59959202295752532722207072922922537272322235227220
29793950279252292722597709739222293723022233927025
22052222702299025222399227325732222222720325002272
25372207322502020257009229939522557022292722002375
35229035327232727322932223572252922229722552737307
92953759725205305922922027223252572377227202275275
22902202572733229229272222723229932222022770290272
25227220272072003023272220992525223202022232222522
32270222520297705525229922520232237993220722255922
22072222902232272977792325222257222923322220927222
92230222297203222597202229720292932232225025333203
32223025572022227225922225005522222232222220090270
23053022272222230227223792929222227255032232722523
22227292932252902220222020232335222222222222773270
23723299290232259222292527222222225225522222722533
27720222972292522322229572209923959002952320052222
95522255300223520722532292792229222222953222222772
72025327232225723220222203252222227297022507995232
37772222535222292222272225532922205022920322572927
23702923275725275225253222252225223092207052592522
29792220272252332923222375227322992229532725725502
22295702252279222922252227722077723722203792279725
32292203723032273527722520322222523292373222252322
32229523229299922220272922522232027392252222229539
20957953022205232232532022200059252939259279593235
29722252225502372307222255222223293203520322522903
22292222222072977222252232272222229257993532922922
22227957292202229023277207275022202390295523597257
23229702772527925022505502953922979530902229927529
22222022225275322529522099252203229009207770775272
22302739702302722223222533273502320225227052077302
22959272727220323292002227229022275292320527222522
97223332022222322229525252332922322572297523200500
22222220223527070527232239225222225522227252250327
55222203522922200522722225222227252752292292297729
32232295732329339922237502907232925725223352399222
75502222925222775220732222237222092527357929702337
22277222752292223202922399239222022923993273322732
32922225707227329522922272227232220925035922277502
99522272230235229222292290202223325222923229222222
73227220200592527272230792392222535202922922520722
72222222522272227222522032227922273322055552222222
97222227920322592227202522293929222279222022072252
27723222222799322323727752307209323333022922222090
20222202522272270223225220225223523223222272952722
72329222272722222532232993009029320323229723272039
22222073572399792223202235393202339252327202022222
22227292922222027797922272272222230030922290252222
20222222293222232722722779239220335220929029790722
25722922029552990253220227225572023259972225795092
22022392209905329207220292229972027599290297230297
22923922220032973252037220022377903725522025029252
22730939329272750275222902903707539223022252325022
92209377225022795250952200922225223752720592232792
72239227022227292232995700222927929777599022300299
25322723722932222952222305272320272220752229733072
20729923225535522522222322223255033225222222927353
22229922502220222020329022023920272322293202229535
22503222220339532053299320322002977720250522232952
22232220273220222739052522557932522203227222703220
22222570773922327592232225922702525092522325230202
22922202052777329729239250220222072229222920222297
77252522502022525090223225209722222772922722259227
72207232235029222255235222222022257273292222509522
20229203920232002723930272222223555225252202209722
53503532222272522250272052075592729722222330332290
