44404484544904404498494998440844590446540445440450
46446944644490009444648444896940048050444048460548
44444986499544444059444444409544058444446644409649
94944444464544464544544440564404844044406454908450
44064588404549446444444980440444044544448064446646
89464640696644644840446448448484684448444464446454
48444849844849949408065484944594644694445889844448
44444448944444540444944589444846496484640444489448
44454445446004406449094464446856844588444604454446
40486486405844045449949649848944594665686454944954
64446454444856560649504454444496586455049444494444
64906454464444904949404444445844844664444944458448
94545864448444444664964454590549449448445598848404
58404565445459499008404644568948840489458648444848
80484499484846484044448494449940564584454440094490
45498664444844444654849984440484444054490404494586
86545506006495864864544045444444959494440544455849
44694888404445466499445594484604544944444940056948
54440040546846684644644495650046444484494448444604
54484654408456848444494490644694044855444449495445
46444444545000496044045084564845656440885458450444
45846546444440946444449440604448465446844444646045
44444406905854860660448404644409844484860444969444
84444660448086840649448460844494064556940544689694
54944445454448488644948044049494445058644564049484
64464444648445046404444948049944694004444956440694
45444444486908445494544089054406449449494404948409
55044684545648444094864540444969844508440494684446
48446484845440454686496444448464684494544445946545
80486484594848490404544685554848444404449454466954
48484844454994404644440456856449095544094864494584
46446440400446894844554549940944844444494806860984
48404098449044494499088448495444464445645590848040
84086984554494444854544048544464854444440694450444
59959406895456546484404044946966544646446445444440
69494950649654694444594409449466694464044644984085
44054684408499085444499444465444446484460445004444
65448604464504080854009449949544554048498446004445
45849045444444444446944444548454984649444554444404
94954459465405405946966064684456544444464404845445
88904804544444449649446668444849944844048440490444
45464680446048004044648680994545464404064644866546
46440448540494405585649946580646444994440446455964
44044486908444444944494465466454446944444840944444
94440488494404488594806669460894948648485045444404
44444065548046444845944845005564868846468440090440
44054084444846440484644494969844484455046648484584
44484696944454904840444040448445444464484444444440
64484499490646459666498584648444445445544486464544
64440486944698544444449544409944959008954440058844
95548455400464540484544496496449484644954868448444
46085444444485444440444804456444864694064504995446
44444444545444494684446865548946405044940446544964
44404944445445645485654448458465464094404058596544
49498860444458444944446445444444994889544465445504
48495404454849488984856844446044444444404498849445
48498404484044444544444580448444544494444446654484
44849544849499948480448946544444044494454444869549
40954954066405444644548044400059654949459849594645
49446454485504444404644455444484694804580488584904
44698446444044944486458446648444689454994544964944
64464954494404469044844404445048404490895544594454
44489406444544945064505504954944949540904449964549
86488088445845444549584099454404849009404440445644
44406449408404444484846544844504440845644058044408
84959444464440464498008484449044845494440544446584
94644444044848486469545456444946466544894564400500
44846480484544040544844849445884445544444454450444
55444604546984400584464465444844654454694496894489
44448495444449449946444504904846945465884454499886
45506464965484445480448468844864094544454949404444
64444844454494644404944499649468044984994444444444
44944485404444449566946644684644660945045944644504
99548644440445449648894890404444445446944649646644
44464460800594544444840498494868545406946944540444
46844844544644444464544046444984444448055556444848
94444644940444598644404546894989444449846088046854
84484646484499446444464454404809464444048984644090
40848804544644640884445440485884544444844846954486
44449644444484464548646994009049440464649464848049
64484044544499494444406445494808449654444408044446
66644894984488084494944846846444440040984490854444
60664846494684846464444449449480445440989069490444
85486944089554990654640444445546084659946645495096
66044496409905489604440498449946044599490494440494
64944984680044944456044440044444904485566085089454
46440949449844450445468906904404549444044654445044
94809444445048495450954400944645864454440598446494
48649464044484494444995400644944969444599048400699
45468444444946644954844405846480448440454449444048
40489944445545564564444444444455044685444488944454
44889944504440648040469068064960644444494404449545
44504448880449546054499440468006944440650566644954
84444880644440446449058568554944584404644844404480
84646540444948444594444845944406545094544445440608
44948804058444449449849450480888044449664980844494
44458544504046545090444445809486884448948444859644
44404848445069486455445664884064454444694484509546
40849604980444004444940644666844555445454804609444
54504544446444544450844054045594489484464440444690
