97197717599997197791797991779197599746519195749759
46976997677499999717641174196979971959417911769591
74974916199574741959474799999519951179776617999679
91947719969574161577577499569991111977496154991759
79967511797599946171171919919471947519771969746676
19761679696679699179196971411919614171794961776757
71117179117149979491965411991597671691775119197791
44774771917497579971979519477176796417679777119911
47451445796991996499991167716156144511711699159776
79916416195149975499999619171917599665616757994951
67176457141156569679597157779196516755979974199991
64996957467741994979191497445119177669947944751171
97575167711997717661969751599579799771745591191497
51799565975959999991497699561941199119451671777171
19111199914176717914771194199949567517151179994999
95991664977177117659179917749714479959199194799516
16515596996795164161597975779971959191479517755179
71699111797715466499115599417699597971714979956991
54979979576176614674671495659976471717794491977694
59717654191756171449191199694694997155717779795145
96179777575999796971975917569115656719115751959771
45176576177419976447999119697711765796177779696945
17479796995151169669441797671799119717169799969417
11147669411916199619971469111191961556949517619697
51994975451771911641911947949799715951647569949419
67467771641495976791777911999944699994797956949691
15797444916991175794514919957796779479197197971799
55997617575671779991167549744969144591999999617176
11996914175999154616196174941767611797594975946515
19916717597171499791571615554171717791719757766954
71117199757999199614749956156449995577997164797511
16776979199496197147559599979991197441497196169914
41499991179977791799911711795977964475675599141999
17916917551997711154517971544161157474979699159997
59959496195756596717197974976966597676976795447719
69799959679657694747597799799166699769947699917915
41957614791799915711999477965794116117769915991771
65971697961591919157999149999517557971191746994975
95179995917494717976997179571154917679747557797997
94959759765195995946966967619156574977167491175775
11997197571799779619176661719119991111941779199771
75767619776971999919671619997575469491961697166576
96779711549497795515679946519696797999149746755967
74974416991791174977797965466757746979977119917141
91499711197199711597196669769197991691715975999499
94419965571916177115971115995561161196461479999479
79959911177116499417679791969147417755996691714519
11417696997154997119474979191995174467111441779479
69719799499696759666491517611771775775517416764599
67779116971691544917419577499919959991957919951177
95541755999769579711597796796749411641959161711774
76915977197715779119474199456174167697964597995796
97774747595411791614776165591976795974919976577967
79791919775775675715659741751765469997797951596577
79791169777751991919176975147941994119594765745591
11495791454179711914156177776977719771499791179715
91791799719991479577771519941144519491979776651911
94179549179199911119771916577491977997751177169599
49957959966495797697591944199959654999159179599695
79746157115597971997647755171119699199519911514999
41691116777977977116151796671474619157999597961977
67467957194491769949177197775941197999195579597457
79119796777547915961595594959977979599991179967519
16111911775175914579514999751799179999497779775677
11996799791994774419116599179597949145647951977991
17959174767149969191991117179911175491919547176511
97679991944111916769515456994976966577197569499599
47146719119517979577191199475117145571777751759977
55171699546911799511767165717177657751691796197719
97791195794979999946497591997196945765119957999116
75596164965114775119791161197161991577957979791997
67177147757197679491947999699161944919999179917791
97974115797147949566916674617694669915995914677594
99511671499795719671194199197479975116919619676677
79767469199591547471199791997161595796946944549774
76141177574674417161514996477917779941955556714111
97147617919947591647794516199919477179176911976157
17719646117799946919767754997199969999911917647999
19141197571674679119715179115119549779117176957716
71979617474717464591696999999949919969619769171999
67114979577999794779496795999191999651977491911116
66677191911411917797941176176144799999914499151411
69661176799617196764744779799119995119919969799714
15716944919557999659649447475576919659976645795996
66974996499995919697179191719976947599499197799797
64919917619997979156997179941977999715566915919757
16799999919177759775461996999797599419947657915911
94199977745941795159954199971645169754719591496791
71699167971117497491995799641917969777599971999699
15961719711996614957111995176919771419754449799971
49719979115595567561147977479755999615447411917959
44119911591449641979969961969969677977199794149595
41599171119999596959799949961996977719659566691954
11794119679719146799951561557994511499677177799719
17616579779941977597797145941796575994517975799691
77911197951777919719199459119111977479661919111197
77151547597916545999419745199716117771941771159617
77197191495969116155495667114967757479697714599516
79149699919194991779999671666179555745757194699777
59599594776477574759174954975591719711764999991699
