38408888533408408848848448880838540846540435840850
46386438688440004848648484846480088050448048860538
84384486444584844054484833304543058483886648304684
44448843363584464588588430563304844088406454408850
83068588808534346484484480340484048543888063846686
84864680646683633880436388448383684488834364886858
88448884848844484408065484434548684644885884838838
44884888448438580384483584488886846488680888484348
48454445836004306434044468846856844588844603453886
80386486405843085434434644888448543665686858434454
68486458444856560684508458883446586855084384443334
64406358468844404484404438445843888663348444858488
48585868848338848664463854540584834888845548838408
58803565385354344008408633568448830484458688888888
80484444384886888044888444434440568588454480044340
35348664388888448653884488840884483053440404843586
86545506006845864864538085883384454444480548855884
84643888808845466444445543488603538484844480056438
54380080586886684684684445650086484888844438388604
53888654408856888443444440634644038855848884845445
36483888585000846084085088563845656840885858350884
45886586488440486448334440608848865836888883636045
48483806405854860660448808684804843888860833464448
84448660448086830644388460844444064556440548684648
54434385454888388644448048044843845058648563044483
68468884648435086804888448034444643004838456340644
45838444386408485844544084058806884484448408488804
55038688585688883044868540844464844508330343688486
48336384885330454686446484348868684848534385446545
80386888548888440804584685554888848804844858866454
88488833858443403644840356856444045588048864848584
46886380400436848848553534480434838444448806860484
48403048484088844844088848845388364485685540848030
88086488554348844854548088544464858484380643450338
54454406845856536888408084486466538686386835448840
64843450684658644848548804834466643863048633488085
44058684808844085844344488365834446488860345004884
65388608364504080858004444434548558088448846004385
35884035348434848386438483588454488684848558838308
44453854865405305446466068683456584388468404885885
88408808584833884644486668843844434844048880440884
85868680886088003043688680448585463404064638866586
36880848540448805585684446580636838443440846855468
84084486408834484488848365466858846483388840448444
44430888448403888548806664860848438638885085333403
34443065588046488845484845005564868836468480040480
83053084488846430488683844464848488855036638884583
44488646438454408840484080438335484468484444883480
63883844440636854666448588648884885885548486864533
68880486484648544348444588404443454008458340058888
45548855300863580884538846846844484644453868848884
86085388438885883440484803456484868648064508445836
38884848535444844684886865538486805084440386588468
83804443885885685885653848858865463048808058546588
84848860888858334443486385448344444884534865845504
48445804454884888484856888886088843884403848884845
38848803883034483588884580348444543444383886654384
34884543884444448480888446588434088348854488864534
40458453066405838638538044400054654434454884543635
84846458485508384308648855484483643803580388584403
44648446888088488486458836688484684458443538464488
68468458444404864043888408885048408340845583548458
83484806888548445064505504453488484530404484468544
86488088885885344584584044854803884004408880885688
44306834808304884483846533883508340845648058088308
88454484868440363448008488484044885444340548486584
48683334044848386864545456334486366588848563400500
48846880483548080588834834485888445584888854850388
55484603546484800584868465848888658854644846848884
38838445834384334446438504408836445865883358344886
85506464465484885480838468838864044588358484804338
68488848858448683404448344634468044483443483348834
38484485808448344566446684688634660445035444688504
44548684430835844688844840408483385446443644686688
83868460800544548484830848348868535806446444540884
86844888584684448464544036488488883348055556844848
48448648440348548648804546843484488484886088086858
88883646488844346343868854308804363333048488648040
40848808584684680883845480485883543883848886458886
84384648484888464538636443004044340363644863888034
68484083588344844883406835343808334654388408044446
66688844484488088848444886886444830030484440854444
60664886843688836864844884834480335440484064840844
85886444084558440653640448485586083654486645845046
66084346404405384608480448844486048544440448830848
64443488680038483456038480044388403885566085084858
46830434344888850885468406403808534443048658345044
44804388845048845450454400484645863854840548436844
88634468084488448434445800644448464888544088300644
45368843844436644458844305886380888440854444833088
40884483445535568564448388483855033685448488448353
44884444504440648080364068063460688388443804444535
44503488880334536053844340368006488840650566634454
84834880683840446834058568558434584403688888803880
88646580883448388548838845444806585044548385830608
88448808058888344844834450480888088484664480844448
88458548508046545040443845804886888888448884854648
88408838435064486455435668884068858483648884504546
80844603480434004883430684666883555845858804604888
53503534886488584850884054085544884884864330334640
