97907787599907907798797998770897590796590995790750
96976997677990009797698979896970078050997098760598
79979986999579799059979799909599058979776697909679
99997799969579969577577990569909899077906959908750
79067588707599996979979980990979097599778069796676
89769670696679699870996978998989689978799969776757
78997879897899979908065989999597679699775889897798
99779778997997570979979589977876796987670777989998
97959995796009906999099967796856899588799609959776
70986986905899075999999699878997599665686757999959
67976957999856560679507957779996586755079979999999
69906957967799909979909997995899877669997999758978
97575867798997797669969759590579799778795598898907
58709565975959999008907699568998890989958678777878
80989999989876787099778999999990567587959970099990
95998669977877997659879987790789979059990909799586
86595506006795869869597075779979959999970597755879
79699888707795966999995599987609597979799970056998
59970070576876689679679995650076979787799998977609
59787659908756878999999990699699097855797779795995
96979777575000796079075087569895656790885758950779
95876576977990976997999990607798765796877779696095
97979706905859860660998707679709899787860799969997
89997660998086890699978960899999069556990597689697
59999975959778988699998097099799795058697569099989
67967779698995076709777998099999699009797956990699
95797999986908975799599089057706779979997907978709
55097687575678779099867590799969899508990999687976
98996989875990959686996979998767689797599975996595
80986787597878990709579685559878797709799757766959
78987899757999909699790956856999095577097869797589
96776970900996897897559599970999897999997806860989
98909098979077799799088798795977969975675590898090
87086987559997799859597078599969857979970699950997
59959906895756596787907079976966597676976795997790
69799950679657699797597709799966699769097699987085
99057689708799085799999977965799996987760995009779
65978607969509080857009999999597557078998796009975
95879095997999797976997979578959987679797557797907
99959759765905905996966067689956579977967909875775
88907807579799779699976668799899999899098770990779
75767680776078009099678680997575969909069697866576
96770798590997705585679996580696797999990796755967
79079986908799979977797965966757796979977890997999
99990788997909788597806669760897998698785075999909
99999065578096977895979895005569868896968970090970
79059089977896990987679799969897987755096698789589
99987696997959907890979070998995979967989999779970
69789799990696759666998587698779775775597986769599
67770986979698599997999577909999959008957990058877
95598755900769570789597796796799989699959868798779
76085977997785779990979809956979867697069507995796
97779797595999799689776865598976705079990976577967
79709999775775675785659798758765969097707058596577
79798860777758999999976975997999999889599765795509
98995709959879788989856877776077799779909798879795
98798709789099979577779580998999599999979776659989
99879599879999998980778996577999077997759977869599
90957959066905797697598099900059659999959879599695
79796957985507979907697755979989699809580988589909
99698996777077977986958796678979689957999597969977
67967957999909769099877907775098907990895579597957
79989706777597995069505509959977979590909979967599
86988088775875999579589099759709879009907770775677
99906799708909779989896599879507990895697058077908
87959979767990969998008987979099875999990597976589
97679999099898986769595956999976966577897569900500
97896780989597070577899899975887995579777759750977
55979609596989700589767965797877657759699796897789
97798995799979999996997509907896995765889957999886
75506969965989775980798968897869099577957979709997
67977897757997679909997999699968099989999979997799
97979985707997999566996679687699660995095999677509
99598679990795799678899890907979975996999699676677
79767960800599597979890798997868595706996999590779
76899877579679997969599096977987779998055556799898
97997697990997598697709596899989977979876088076857
87789696987799996999767759907809969999098987697090
90898807579679670889795970985889599779897876957786
79979697979787969598696999009099990969699769878099
67989079577999799779906795999808999659977908099996
66677899989988087797999876876999790090989990859999
60669876799687896769799779799980995990989069790799
85786999089557990659690997975576089659976695795096
66079996909905989607970998799976097599990997790797
69999987680097979956097970099977909785566085089757
96790999999877750775968906909707599999097657995099
99809977795098795950959900979695869759790598996799
78699967079987997999995700699997969777599078900699
95968799799996699957899905876980778990759999799078
90789979995595567569997977979755099685997988997959
99889999509990698070969068069960677977999709999595
99509978880999596059799990968006977790650566699959
89799880679790996799058568557999589909677877709780
87696570779998977597797895999706575099597975790608
77998807058777999799899950980888077979669980899997
77958597507096595090999795809786887778998779859697
77907898995069986955995667889067757979697789509596
70899609980999009779990679666879555795757809609777
59509599776977579750879059075599789789769990999690
