17107787411507107758757558770817450746410114740740
46176517677450005717648174856570078040417018760418
74174586155474741045474711105411048171776617105675
51547711161474161477477410461101811077406144508740
71067488707415146171171580110471047411778061746676
85761670656671611870116178418181684178714161776747
78117875817845575408064481511457671651774885817718
44774778517417470171571485477876756487670777185118
47441444716001106415051167716846844488711601141776
70186486104841074415515615878517451664686747514541
67176447141846460675407147771156486744075174151111
64506147467741504575101417444811877661147544748178
57474867718117717661561741450475715778744458818407
48701464174145155008407611468548810185448678777878
80181155184876787014778154115540467487141170054150
14158664177877117641875587740784471041150104751486
86414406006754864861417074771171545151470417744875
71651888707714466455114451487601417571714570046518
44170070476876684674671454640076471787754418177604
41787644108746878441151150614654017844717775754144
16171777474000756071074087461814646710884748140771
44876476177410576447115110607718764716877771616044
17471706504841860660448707671705811787860711565417
81147660418086810615178460811151061446540417685657
41514174441778188641518047045751714048647461045481
67467771648414076701777518015544651004717546140651
14717444186508174754414085047706775475157107578705
44017687474678771051867440744565844408110151687176
18116184874110144686156174148767681757414174546414
80186787457878450701471684444878717701715747766544
78187811747551101614740146846445054477057864757481
16776170100416857847441415570511817441457806860584
48401058175077751755088718754177164474674450848010
87086587441157711844417078444161847474170651140117
45545406854746416787107074576566417676176714447710
65751540675647654747457705715166651761047611587084
41047684708755084711155477164714116187760114001771
64178607161401080847005145515417447078158746004174
14875014117414717176517171478144587675747447717107
54541745764104104546566067681146474177167401874774
88507807471711775615176668711815511811048770150771
74767680776078001011678680557474461401061617866476
16770718440457704484675546480616717551140746744567
74074486508711174577757164466747746571177810517141
51410788157101788457806665760857518618784074111401
14411064478016177814571814004461868816468470050470
71041081177816410487671751565847487744016618784481
11487656517144507810474070118114174467181441771470
61781755450616745666458487618771774774417486764411
67770186571658444117415477405511545008547110048877
54448744100761470781417756756745481641541868718774
76084177117784771110474801446174867657064407554716
17774747414411751684776864418576704074510176477567
71701511774774674784641748748764461057707048456477
75758860777748111511176174147141554885414764744401
18454701444875788584846877776077711771401758875714
18758701781011471477771480148144411451171776641181
14875441875155518180778516477411077157741177865415
40547541066404717617418044100045644515145875451614
75746147184407171107647744171181651801480188484501
41658116777077577186148716678474685147551417561577
67467547154401765041877107774048107150854471457447
71185706777447514061404404541577575410501175567415
86188088774874114475484055741701875005407770774677
11106715708104774481816411871407140844647048077108
87545174767140161158008187175011874451110447176481
57671111044818186765414446114576166477857461400400
47846780181417070477811815474887144471777741740177
44171601446581700481767164717877647741651756857785
17718154714175115546417401507816544764881147155886
74406164564184774180718168817861051477147575701117
67177847747157671401547155615168044581551171117711
17574184707147145466516674687614660514014514677404
55418671410714715678854850107471174116511615676677
71767460800451447471810758157868414706546544440774
76841877474674417161414016477587771148044446714818
57147617510147458647704416851585477175876088076847
87781646187755146111767744107805161111018587647050
10848807471674670881714170184881441771817876547786
71175617474787464418616551005045110161615761878015
67184071477155754771406714151808115641177408011116
66677851581488087757541876876144710010584450841411
60661876751687816764744775715180114110585065750714
84786544085447550641640447474476081645576644754056
66074156405504185607170158715576047455450157710757
64511587680017571146017170041177501784466084085747
16710515115877740774468506501707415411047647114011
54805177744048754140544100571644861744710458416751
78615167071187457411554700641517565777455078100655
14168711711516614547811104876180778410744445711078
40785571114414467461147177471744011684447488517141
44885511401440648070165068061560677177151704145414
41401178880115416041755140168006577710640466611544
81714880671710146715048468447514481401677877701780
87616470771548177457717844541706474054417174710608
77518807048777115715815440180888077475661580811157
77148447407016444050411744805786887778548771845617
77107818414065186144414667884067747471657784405416
70845601580114001771510671666871444744747804605777
41401414776477474740874044074451785781764110111650
