27907287522902902798797998220827590216590925710250
16276927677190009792618921896970078050197098260528
71221986999521719059171222209592058922726697209629
99912292262571969572522120562209899072106951908250
22067588207529216979979980290129017592778062216676
89269670696622622820926278198282681978721269726757
28992879892819979108065189929592629699275889822728
11271228997122520229922589122876796187670272989298
17159115726009206129099967296856811588799602952276
70286186905812025129929699828997592665686757921959
62976157919856560629502957222996586755079221992229
61906252162719901929909122115892822662217911758978
92575867798227297669962759590579229728215598828107
58202565225259299008102622568918820989158628227828
80989999281826282091278991929910567587959970091290
25298661272827992652829987210781172052990901292586
86595506006295861869522075272279959999120597255829
79692888707795166199995592187602522929791970056928
51270070576826681621629195650076179787291128277601
52282651908756828112999990621691027855297779295915
26922272525000296079075082562895656790885258250729
15876576972190976117229990607298265226877222626015
97122706905859860660118207629209892287860722969192
89912660198086820699228160899999069556910592689692
59921225159728288619998017019292295058612562019182
62167229618125076209727998029911692001722956210699
95722111286908925791591089057706229129997907928209
55027687525678772099862510711969811508220292682926
98226281825220951686996921218767689297521275916595
80286287592878190209529685551828797209299257766951
78982822757992902691710256856119095527097861797589
96726220900126897812552529920929827119197806860981
18102098929077799799088298795227261175675590818020
87086987559292799851597078511969852121220692950222
59959106895756526782907071926966527676226225117290
69792950679652691712597709729966692762012622987085
19052681708299085299299127265721996982760295009279
65278607269509080857009919929592557028998716001275
25829025297121797226922922578951982629712552727207
91952759765905205916966067682956571277967109875275
88902802579722229699976668792899929899018770990279
25267680276078002092678680992525162109069622866526
26270298510197705585629916580626227992910716255962
21071186908229971977792265166257216922222890997919
99120288997902288597806669760892928628285025222102
21192065578096927895929895005569868826168120090170
22052089972896120187622799969812187255026628781582
99187696922951902890121020928225921162989119772170
62782299190626259666198587698229225225592186761522
67720986979698511292199572109992959008952290058822
95518255200262520789522296796219189619952868298771
76085227922285722990121802156921867697061507995226
27771212525199299681276865528926205021990226572967
22709992275725675285652218258265162092207058596522
29798860272258229992926275917219991889521765715509
98195709151879288981856827726077792729102798879795
28298202782029172527729580218911592199272226659289
21829512829999998980278996522129027292259922869529
10957952066105222622528011900059651929959879592625
29716952985502279207612255929982692802580288581902
19698996222072977986958226678121689957992522969922
62167957991109269012877907275018902290895522597157
22989706772517995069505501952922979520909929967599
86988088225875291529581099259202829009107770775672
99206729708201721182896522872502210815617058077208
82959971767910262998008987929099875199290517926589
97622229011898286269595156221926266572897562100500
12816280982597070527829829125882915529227259250227
55929602516989200589762965292827652759699296897789
22228995721229229916127509907826915765882252299886
75506961965981775980728968827869099527257929709227
62977812752992622109912299629968011982992972292729
22921985707917219566996671687621660995025991677501
99598679120225299628891890902122225996992699626622
72267160800599517179820798292868525206916911510721
76819822521671197969591026127982272218055556291898
97912697990212598617201596892989122979826088076852
87782616982799216292767751207809262222098982612090
90818802529671670882295920985882512222892876952786
79229692171782161528626992009019290262699762878029
62981072572299791222106225292808229659227108099996
66627899989188087797919876876911220020981190859199
60669826292682826761711779229980225990989069790791
85786911089552990652610117125576082659976615795096
66021296109905289607920998299976017599190997220297
61992982680022972956027920019277902785566085089252
96720929299872750275168906902707529192012652295099
91809277215018795950951900929615862751790598126799
78629967029987192129995700619997969777599028200699
95268792799926691952899205876280278190751119722078
10789922995525562569912222122255022685112188997252
11889999509110618020269068062960672222992201919525
19502928880229526052299210268006977790650566629951
89221880672290916729058568557921589102627822702280
82696570772918227592222815919706525091592225220608
22998802058777299799829150980888072129669980899997
77958512502096515090192215809786882778918729859697
72907828125069986955125662881062257172692281509596
20819602980921009722920679666822555215252801609722
52502521226172521250871051075599789789261220229690
